CALL,133,2,T,T,4,6
STATE,1, 0.0000000000000000E+000, 0.0000000000000000E+000, 1.7768604433277359E-036, 7.1432086821141486E-027
STATE,2, 0.0000000000000000E+000, 0.0000000000000000E+000, 9.5593398921057702E-035, 3.8429780545387818E-025
STATE,3, 0.0000000000000000E+000, 0.0000000000000000E+000, 4.8311429266094108E-033, 1.9421820173135539E-023
STATE,4, 0.0000000000000000E+000, 0.0000000000000000E+000, 3.9246679517492903E-032, 1.5777673750479092E-022
STATE,5, 0.0000000000000000E+000, 0.0000000000000000E+000, 4.3892554689647533E-031, 1.7645376033406056E-021
STATE,6, 0.0000000000000000E+000, 0.0000000000000000E+000, 6.2767982817524404E-030, 2.5233543635952181E-020
STATE,7, 0.0000000000000000E+000, 0.0000000000000000E+000, 1.4571545033222508E-028, 5.8579498924569938E-019
STATE,8, 0.0000000000000000E+000, 0.0000000000000000E+000, 4.7852487399981237E-027, 1.9237319298394588E-017
STATE,9, 0.0000000000000000E+000, 0.0000000000000000E+000, 2.8044061879984532E-025, 1.1274075231799334E-015
STATE,10, 0.0000000000000000E+000, 0.0000000000000000E+000, 1.8886522828679717E-023, 7.5926264787081615E-014
STATE,11, 0.0000000000000000E+000, 0.0000000000000000E+000, 1.1167601669932728E-021, 4.4895198669792080E-012
STATE,12, 0.0000000000000000E+000, 0.0000000000000000E+000, 7.7037152829350498E-020, 3.0969929398771967E-010
STATE,13, 0.0000000000000000E+000, 0.0000000000000000E+000, 4.9608374663647783E-018, 1.9943206197581276E-008
STATE,14, 0.0000000000000000E+000, 0.0000000000000000E+000, 3.1119146096153700E-016, 1.2510298574852641E-006
STATE,15, 0.0000000000000000E+000, 0.0000000000000000E+000, 3.1012163187937522E-014, 1.2467289343476295E-004
STATE,16, 0.0000000000000000E+000, 0.0000000000000000E+000, 9.0641782274358818E-012, 3.6439161747694016E-002
STATE,17, 4.3538460886338726E-005, 1.7503309375000000E+005, 2.0645530424134861E-011, 1.1328125372529030E-002
STATE,18, 1.3253740326035768E-004, 3.1794540625000000E+005,-3.2014214196296464E-011,-5.3906250745058060E-002
STATE,19, 0.0000000000000000E+000, 0.0000000000000000E+000, 2.9026360308381793E-012, 6.9631855003535748E-003
STATE,20, 0.0000000000000000E+000, 0.0000000000000000E+000, 2.1426103719297678E-018, 5.5019193645478026E-009
STATE,21, 0.0000000000000000E+000, 0.0000000000000000E+000, 2.9047927664572690E-014, 6.8917783210054040E-004
STATE,22, 1.9025534356842400E-006, 4.5139125000000000E+004,-1.1368683941568192E-014,-4.8828125000000000E-004
STATE,23, 2.6870936835621251E-006, 5.5873457031250000E+004,-3.0581758913433843E-012,-4.0332030504941940E-002
STATE,24, 7.0553659270444768E-007, 2.9807353515625000E+004, 3.3537617127876729E-012, 4.3701171875000000E-002
STATE,25, 0.0000000000000000E+000, 0.0000000000000000E+000, 1.5623354999582013E-014, 6.5996521152555943E-004
STATE,26, 0.0000000000000000E+000, 0.0000000000000000E+000, 1.3586998938744673E-020, 5.7394500263541204E-010
STATE,27, 0.0000000000000000E+000, 0.0000000000000000E+000, 1.2488849109890515E-026, 5.2755673644500783E-016
STATE,28, 0.0000000000000000E+000, 0.0000000000000000E+000, 1.2120850655062867E-032, 5.1201162203776332E-022
STATE,29, 0.0000000000000000E+000, 0.0000000000000000E+000, 1.2459827464344473E-038, 5.2633079819152816E-028
STATE,30, 0.0000000000000000E+000, 0.0000000000000000E+000, 0.0000000000000000E+000, 5.2847356153715109E-034
STATE,31, 0.0000000000000000E+000, 0.0000000000000000E+000, 0.0000000000000000E+000, 0.0000000000000000E+000
STATE,32, 0.0000000000000000E+000, 0.0000000000000000E+000, 0.0000000000000000E+000, 0.0000000000000000E+000
STATE,33, 0.0000000000000000E+000, 0.0000000000000000E+000, 0.0000000000000000E+000, 0.0000000000000000E+000
STATE,34, 0.0000000000000000E+000, 0.0000000000000000E+000, 0.0000000000000000E+000, 0.0000000000000000E+000
STATE,35, 0.0000000000000000E+000, 0.0000000000000000E+000, 0.0000000000000000E+000, 0.0000000000000000E+000
STATE,36, 0.0000000000000000E+000, 0.0000000000000000E+000, 0.0000000000000000E+000, 0.0000000000000000E+000
STATE,37, 0.0000000000000000E+000, 0.0000000000000000E+000, 0.0000000000000000E+000, 0.0000000000000000E+000
STATE,38, 0.0000000000000000E+000, 0.0000000000000000E+000, 0.0000000000000000E+000, 0.0000000000000000E+000
STATE,39, 0.0000000000000000E+000, 0.0000000000000000E+000, 0.0000000000000000E+000, 0.0000000000000000E+000
ADD,1, 0.0000000000000000E+000, 7.1432086821141486E-027, 7.1432086821141486E-027
ADD,2, 0.0000000000000000E+000, 3.8429780545387818E-025, 3.8429780545387818E-025
ADD,3, 0.0000000000000000E+000, 1.9421820173135539E-023, 1.9421820173135539E-023
ADD,4, 0.0000000000000000E+000, 1.5777673750479092E-022, 1.5777673750479092E-022
ADD,5, 0.0000000000000000E+000, 1.7645376033406056E-021, 1.7645376033406056E-021
ADD,6, 0.0000000000000000E+000, 2.5233543635952181E-020, 2.5233543635952181E-020
ADD,7, 0.0000000000000000E+000, 5.8579498924569938E-019, 5.8579498924569938E-019
ADD,8, 0.0000000000000000E+000, 1.9237319298394588E-017, 1.9237319298394588E-017
ADD,9, 0.0000000000000000E+000, 1.1274075231799334E-015, 1.1274075231799334E-015
ADD,10, 0.0000000000000000E+000, 7.5926264787081615E-014, 7.5926264787081615E-014
ADD,11, 0.0000000000000000E+000, 4.4895198669792080E-012, 4.4895198669792080E-012
ADD,12, 0.0000000000000000E+000, 3.0969929398771967E-010, 3.0969929398771967E-010
ADD,13, 0.0000000000000000E+000, 1.9943206197581276E-008, 1.9943206197581276E-008
ADD,14, 0.0000000000000000E+000, 1.2510298574852641E-006, 1.2510298574852641E-006
ADD,15, 0.0000000000000000E+000, 1.2467289343476295E-004, 1.2467289343476295E-004
ADD,16, 0.0000000000000000E+000, 3.6439161747694016E-002, 3.6439161747694016E-002
ADD,17, 0.0000000000000000E+000, 1.1328125372529030E-002, 1.1328125372529030E-002
ADD,18, 0.0000000000000000E+000,-5.3906250745058060E-002,-5.3906250745058060E-002
ADD,19, 0.0000000000000000E+000, 6.9631855003535748E-003, 6.9631855003535748E-003
ADD,20, 0.0000000000000000E+000, 5.5019193645478026E-009, 5.5019193645478026E-009
ADD,21, 0.0000000000000000E+000, 6.8917783210054040E-004, 6.8917783210054040E-004
ADD,22, 0.0000000000000000E+000,-4.8828125000000000E-004,-4.8828125000000000E-004
ADD,23, 0.0000000000000000E+000,-4.0332030504941940E-002,-4.0332030504941940E-002
ADD,24, 0.0000000000000000E+000, 4.3701171875000000E-002, 4.3701171875000000E-002
ADD,25, 0.0000000000000000E+000, 6.5996521152555943E-004, 6.5996521152555943E-004
ADD,26, 0.0000000000000000E+000, 5.7394500263541204E-010, 5.7394500263541204E-010
ADD,27, 0.0000000000000000E+000, 5.2755673644500783E-016, 5.2755673644500783E-016
ADD,28, 0.0000000000000000E+000, 5.1201162203776332E-022, 5.1201162203776332E-022
ADD,29, 0.0000000000000000E+000, 5.2633079819152816E-028, 5.2633079819152816E-028
ADD,30, 0.0000000000000000E+000, 5.2847356153715109E-034, 5.2847356153715109E-034
ADD,31, 0.0000000000000000E+000, 0.0000000000000000E+000, 0.0000000000000000E+000
ADD,32, 0.0000000000000000E+000, 0.0000000000000000E+000, 0.0000000000000000E+000
ADD,33, 0.0000000000000000E+000, 0.0000000000000000E+000, 0.0000000000000000E+000
ADD,34, 0.0000000000000000E+000, 0.0000000000000000E+000, 0.0000000000000000E+000
ADD,35, 0.0000000000000000E+000, 0.0000000000000000E+000, 0.0000000000000000E+000
ADD,36, 0.0000000000000000E+000, 0.0000000000000000E+000, 0.0000000000000000E+000
ADD,37, 0.0000000000000000E+000, 0.0000000000000000E+000, 0.0000000000000000E+000
ADD,38, 0.0000000000000000E+000, 0.0000000000000000E+000, 0.0000000000000000E+000
ADD,39, 0.0000000000000000E+000, 0.0000000000000000E+000, 0.0000000000000000E+000
DRIVER_BRANCH_COMPLETE
